4294967294,0
4294967278,12
4294967278,13
4294967278,208
4294967279,474
4294967279,473
4294967278,14
4294967278,197
4294967279,434
4294967278,419
4294967279,410
4294967278,15
4294967279,302
4294967278,172
4294967278,18
4294967278,17
4294967278,16
4294967278,299
4294967278,298
4294967278,363
4294967278,20
4294967278,19
4294967278,379
4294967278,349
4294967279,167
4294967278,348
4294967279,407
4294967278,295
4294967278,21
4294967279,161
4294967278,22
4294967278,389
4294967278,23
4294967279,297
4294967278,157
4294967278,26
4294967278,25
4294967278,24
4294967278,418
4294967278,294
4294967278,417
4294967278,342
4294967278,341
4294967278,340
4294967278,28
4294967278,27
4294967278,292
4294967278,339
4294967279,400
4294967278,337
4294967278,338
4294967278,32
4294967278,31
4294967278,29
4294967278,30
4294967279,394
4294967279,292
4294967279,393
4294967279,138
4294967279,278
4294967279,276
4294967278,34
4294967278,33
4294967279,472
4294967279,392
4294967279,391
4294967279,390
4294967278,416
4294967279,389
4294967278,35
4294967278,415
4294967279,290
4294967279,288
4294967278,36
4294967279,448
4294967279,471
4294967278,37
4294967279,387
4294967279,261
4294967278,40
4294967278,39
4294967278,38
4294967279,275
4294967278,414
4294967279,281
4294967278,362
4294967278,361
4294967278,386
4294967278,359
4294967278,381
4294967278,390
4294967278,174
4294967278,41
4294967278,231
4294967278,219
4294967278,42
4294967279,454
4294967278,43
4294967278,45
4294967278,44
4294967278,384
4294967279,310
4294967279,432
4294967279,433
4294967278,46
4294967279,431
4294967279,308
4294967278,306
4294967278,48
4294967278,47
4294967279,306
4294967278,49
4294967279,470
4294967279,305
4294967278,186
4294967278,50
4294967278,57
4294967278,56
4294967278,55
4294967278,54
4294967278,53
4294967278,52
4294967278,51
4294967279,428
4294967279,412
4294967278,413
4294967279,304
4294967278,366
4294967279,303
4294967294,1012
4294967294,1011
4294967294,1009
4294967294,1003
4294967294,966
4294967294,963
4294967294,961
4294967294,60
4294967279,180
4294967278,364
4294967278,301
4294967279,469
4294967278,61
4294967278,60
4294967278,59
4294967278,58
4294967279,86
4294967279,85
4294967279,84
4294967279,83
4294967278,300
4294967294,75
4294967294,18
4294967294,127
4294967294,14
4294967294,126
4294967294,20
4294967294,13
4294967279,177
4294967279,301
4294967278,412
4294967294,22
4294967279,82
4294967279,300
4294967279,80
4294967279,78
4294967279,299
4294967279,445
4294967279,425
4294967279,449
4294967278,411
4294967279,424
4294967279,298
4294967279,77
4294967279,75
4294967279,406
4294967279,457
4294967279,159
4294967279,157
4294967278,410
4294967279,459
4294967279,403
4294967279,72
4294967279,71
4294967279,70
4294967279,69
4294967279,68
4294967279,404
4294967279,402
4294967279,293
4294967279,399
4294967279,468
4294967278,409
4294967279,65
4294967279,63
4294967279,62
4294967279,60
4294967279,56
4294967279,55
4294967279,54
4294967279,53
4294967279,49
4294967279,47
4294967279,45
4294967279,44
4294967279,42
4294967279,41
4294967279,36
4294967279,35
4294967279,33
4294967279,32
4294967279,31
4294967279,27
4294967279,26
4294967279,24
4294967279,23
4294967279,142
4294967279,29
4294967279,395
4294967279,140
4294967279,139
4294967279,279
4294967279,137
4294967279,136
4294967279,135
4294967279,133
4294967279,283
4294967279,282
4294967279,274
4294967279,273
4294967279,272
4294967279,271
4294967279,270
4294967279,269
4294967279,287
4294967279,267
4294967279,266
4294967294,1425
4294967279,265
4294967279,264
4294967279,263
4294967279,262
4294967279,284
4294967279,259
4294967279,258
4294967278,378
4294967278,327
4294967278,326
4294967278,325
4294967278,324
4294967278,323
4294967294,46
4294967278,322
4294967278,321
4294967294,426
4294967294,475
4294967278,253
4294967294,17
4294967294,39
4294967294,42
4294967294,99
4294967294,76
4294967294,41
4294967294,394
4294967294,24
4294967294,1020
4294967294,26
4294967278,319
4294967294,92
4294967294,88
4294967294,50
4294967294,417
4294967294,990
4294967278,249
4294967278,243
4294967279,21
4294967278,241
4294967278,239
4294967279,20
4294967278,234
4294967278,230
4294967278,227
4294967279,467
4294967278,223
4294967278,218
4294967278,215
4294967278,377
4294967278,376
4294967279,15
4294967278,317
4294967279,14
4294967279,13
4294967278,375
4294967278,357
4294967279,466
4294967278,374
4294967279,11
4294967279,10
4294967278,373
4294967279,436
4294967278,310
4294967278,355
4294967278,309
4294967278,307
4294967279,307
4294967279,430
4294967278,369
4294967278,305
4294967278,354
4294967279,429
4294967278,368
4294967279,447
4294967278,181
4294967279,446
4294967278,353
4294967294,1424
4294967294,7
4294967278,175
4294967294,427
4294967294,81
4294967294,82
4294967294,1035
4294967294,1419
4294967278,132
4294967278,131
4294967278,130
4294967278,129
4294967278,128
4294967278,127
4294967278,255
4294967278,126
4294967278,125
4294967278,331
4294967278,124
4294967278,320
4294967278,123
4294967278,122
4294967278,251
4294967278,121
4294967278,120
4294967278,247
4294967278,119
4294967278,118
4294967278,117
4294967278,116
4294967278,115
4294967278,346
4294967278,358
4294967278,114
4294967278,113
4294967278,235
4294967278,112
4294967278,233
4294967278,111
4294967278,110
4294967278,229
4294967278,109
4294967278,108
4294967278,225
4294967278,107
4294967278,106
4294967278,105
4294967278,104
4294967278,217
4294967278,103
4294967278,102
4294967278,101
4294967278,100
4294967278,99
4294967278,316
4294967278,98
